bm:0.9130278582751299, rm:0.6987045922599552, gm:0.7275872380701353, bs:0.1856895204305658, rs:0.24154157828503725, gs:0.23048761183159028

bm:0.7638367389230166, rm:0.7876362596562249, gm:0.7742304502748976, bs:0.2136013180208868, rs:0.2112356498668464, gs:0.210953909872434

